[Epoch] [Batch] [D loss] [G loss] 
[0] [0] [0.685010] [0.696673] 
[0] [1] [0.602603] [0.694322] 
[0] [2] [0.538393] [0.691937] 
[0] [3] [0.489653] [0.689197] 
[0] [4] [0.446443] [0.686042] 
[0] [5] [0.418846] [0.681967] 
[0] [6] [0.401924] [0.677062] 
[0] [7] [0.390515] [0.670130] 
[0] [8] [0.385927] [0.663179] 
[0] [9] [0.385937] [0.652701] 
[0] [10] [0.386913] [0.643683] 
[0] [11] [0.393569] [0.631014] 
[0] [12] [0.396685] [0.620708] 
[0] [13] [0.405325] [0.605169] 
[0] [14] [0.410823] [0.595877] 
[0] [15] [0.418623] [0.587340] 
[0] [16] [0.425449] [0.576258] 
[0] [17] [0.429840] [0.572695] 
[0] [18] [0.429044] [0.580734] 
[0] [19] [0.429931] [0.583403] 
[0] [20] [0.429412] [0.592798] 
[0] [21] [0.429803] [0.601243] 
[0] [22] [0.432464] [0.605723] 
[0] [23] [0.433213] [0.607567] 
[0] [24] [0.437817] [0.612830] 
[0] [25] [0.438719] [0.620357] 
[0] [26] [0.441538] [0.609168] 
[0] [27] [0.449576] [0.607848] 
[0] [28] [0.462639] [0.594744] 
[0] [29] [0.472659] [0.611953] 
[0] [30] [0.485385] [0.555143] 
[0] [31] [0.500150] [0.577144] 
[0] [32] [0.505492] [0.578390] 
[0] [33] [0.510248] [0.554109] 
[0] [34] [0.523841] [0.552329] 
[0] [35] [0.513163] [0.580407] 
[0] [36] [0.510113] [0.584248] 
[0] [37] [0.497911] [0.595981] 
[0] [38] [0.491831] [0.636249] 
[0] [39] [0.484285] [0.632914] 
[0] [40] [0.487548] [0.624793] 
[0] [41] [0.489110] [0.677901] 
[0] [42] [0.513871] [0.573837] 
[0] [43] [0.517530] [0.683496] 
[0] [44] [0.553792] [0.539282] 
[0] [45] [0.559286] [0.600503] 
[0] [46] [0.588312] [0.571101] 
[0] [47] [0.571694] [0.578064] 
[0] [48] [0.581667] [0.579948] 
[0] [49] [0.588136] [0.533889] 
[0] [50] [0.553622] [0.682762] 
[0] [51] [0.568072] [0.522086] 
[0] [52] [0.524209] [0.726088] 
[0] [53] [0.510551] [0.684465] 
[0] [54] [0.521116] [0.639585] 
[0] [55] [0.525028] [0.878184] 
[0] [56] [0.597183] [0.453753] 
[0] [57] [0.559979] [0.864085] 
[0] [58] [0.574358] [0.531752] 
[0] [59] [0.563023] [0.757449] 
[0] [60] [0.620464] [0.592548] 
[0] [61] [0.662695] [0.532847] 
[0] [62] [0.602795] [0.656618] 
[0] [63] [0.591989] [0.582439] 
[0] [64] [0.531241] [0.785801] 
[0] [65] [0.529283] [0.572176] 
[0] [66] [0.499090] [1.024429] 
[0] [67] [0.513158] [0.573309] 
[0] [68] [0.422916] [0.846052] 
[0] [69] [0.436177] [0.943466] 
[0] [70] [0.463881] [0.677011] 
[0] [71] [0.439880] [0.978740] 
[0] [72] [0.455465] [0.696853] 
[0] [73] [0.490031] [0.967044] 
[0] [74] [0.568459] [0.509245] 
[0] [75] [0.525617] [1.053200] 
[0] [76] [0.592162] [0.488009] 
[0] [77] [0.534586] [0.803060] 
[0] [78] [0.527855] [0.728154] 
[0] [79] [0.574804] [0.552849] 
[0] [80] [0.631806] [0.810274] 
[0] [81] [0.662285] [0.441595] 
[0] [82] [0.510570] [0.725029] 
[0] [83] [0.492098] [0.823197] 
[0] [84] [0.514752] [0.657384] 
[0] [85] [0.536360] [0.696926] 
[0] [86] [0.507571] [0.709311] 
[0] [87] [0.477072] [0.740648] 
[0] [88] [0.447394] [0.959758] 
[0] [89] [0.444046] [0.700248] 
[0] [90] [0.443696] [0.708281] 
[0] [91] [0.399292] [0.998779] 
[0] [92] [0.408128] [0.803057] 
[0] [93] [0.388602] [0.837538] 
[0] [94] [0.385152] [0.951129] 
[0] [95] [0.383925] [0.853203] 
[0] [96] [0.366152] [0.845159] 
[0] [97] [0.334458] [0.982229] 
[0] [98] [0.329465] [0.957114] 
[0] [99] [0.331958] [0.994508] 
[0] [100] [0.346754] [0.984016] 
[0] [101] [0.396174] [0.927188] 
[0] [102] [0.364265] [0.931817] 
[0] [103] [0.400184] [0.994104] 
[0] [104] [0.399890] [0.870531] 
[0] [105] [0.377796] [1.060349] 
[0] [106] [0.391774] [0.920953] 
[0] [107] [0.377169] [0.967181] 
[0] [108] [0.302523] [1.168134] 
[0] [109] [0.364173] [0.997854] 
[0] [110] [0.301621] [1.109705] 
[0] [111] [0.367622] [1.351841] 
[0] [112] [0.382279] [0.860457] 
[0] [113] [0.339681] [1.258105] 
[0] [114] [0.379277] [1.054850] 
[0] [115] [0.443681] [0.656687] 
[0] [116] [0.423192] [0.943988] 
[0] [117] [0.444107] [0.946099] 
[0] [118] [0.464273] [0.858897] 
[0] [119] [0.435513] [0.848821] 
[0] [120] [0.442884] [1.129716] 
[0] [121] [0.425795] [0.909870] 
[0] [122] [0.402207] [1.141973] 
[0] [123] [0.409612] [1.196666] 
[0] [124] [0.423876] [0.974664] 
[0] [125] [0.374960] [1.179470] 
[0] [126] [0.390506] [1.418992] 
[0] [127] [0.430791] [0.884405] 
[0] [128] [0.459945] [1.230030] 
[0] [129] [0.477735] [0.821555] 
[0] [130] [0.511943] [1.069828] 
[0] [131] [0.564529] [0.697258] 
[0] [132] [0.545263] [1.024103] 
[0] [133] [0.522202] [0.727910] 
[0] [134] [0.574850] [1.158834] 
[0] [135] [0.550253] [0.759385] 
[0] [136] [0.511659] [1.151761] 
[0] [137] [0.488681] [1.022679] 
[0] [138] [0.490085] [1.110975] 
[0] [139] [0.490670] [1.124390] 
[0] [140] [0.509093] [0.957439] 
[0] [141] [0.501139] [1.093862] 
[0] [142] [0.504957] [0.950322] 
[0] [143] [0.507604] [0.931932] 
[0] [144] [0.530119] [0.889432] 
[0] [145] [0.531015] [0.750048] 
[0] [146] [0.560274] [1.148366] 
[0] [147] [0.652091] [0.459255] 
[0] [148] [0.672397] [1.437702] 
[0] [149] [0.780571] [0.322930] 
[0] [150] [0.560356] [0.850531] 
[0] [151] [0.587970] [1.094061] 
[0] [152] [0.640881] [0.519721] 
[0] [153] [0.579574] [0.834927] 
[0] [154] [0.589983] [0.801213] 
[0] [155] [0.600827] [0.670382] 
[0] [156] [0.610339] [0.805767] 
[0] [157] [0.595096] [0.690481] 
[0] [158] [0.616346] [0.886557] 
[0] [159] [0.645031] [0.621668] 
[0] [160] [0.624318] [0.747464] 
[0] [161] [0.582655] [0.759060] 
[0] [162] [0.620194] [0.669240] 
[0] [163] [0.614508] [0.796232] 
[0] [164] [0.615636] [0.684358] 
[0] [165] [0.613306] [0.713325] 
[0] [166] [0.558943] [0.748644] 
[0] [167] [0.576763] [0.735501] 
[0] [168] [0.577187] [0.751453] 
[0] [169] [0.569235] [0.646876] 
[0] [170] [0.596866] [0.860966] 
[0] [171] [0.653580] [0.484392] 
[0] [172] [0.612913] [0.871528] 
[0] [173] [0.616705] [0.569683] 
[0] [174] [0.603654] [0.748925] 
[0] [175] [0.629356] [0.719500] 
[0] [176] [0.631385] [0.589742] 
[0] [177] [0.632424] [0.780191] 
[0] [178] [0.608144] [0.560034] 
[0] [179] [0.648078] [0.909025] 
[0] [180] [0.702972] [0.430073] 
[0] [181] [0.617803] [0.861264] 
[0] [182] [0.588198] [0.554914] 
[0] [183] [0.569678] [0.744753] 
[0] [184] [0.554346] [0.679841] 
[0] [185] [0.571508] [0.685078] 
[0] [186] [0.581899] [0.634952] 
[0] [187] [0.604894] [0.682199] 
[0] [188] [0.624685] [0.605929] 
[0] [189] [0.639853] [0.615227] 
[0] [190] [0.650219] [0.534659] 
[0] [191] [0.644986] [0.728354] 
[0] [192] [0.694098] [0.424185] 
[0] [193] [0.611348] [0.741502] 
[0] [194] [0.577027] [0.646309] 
[0] [195] [0.553702] [0.643627] 
[0] [196] [0.542886] [0.795510] 
[0] [197] [0.553308] [0.677954] 
[0] [198] [0.540734] [0.698949] 
[0] [199] [0.562654] [0.821199] 
[0] [200] [0.574988] [0.546918] 
[0] [201] [0.563021] [0.781220] 
[0] [202] [0.555824] [0.676465] 
[0] [203] [0.539649] [0.676532] 
[0] [204] [0.566325] [0.847618] 
[0] [205] [0.595941] [0.557991] 
[0] [206] [0.593550] [0.853670] 
[0] [207] [0.616723] [0.575816] 
[0] [208] [0.568855] [0.709555] 
[0] [209] [0.578562] [0.801962] 
[0] [210] [0.589086] [0.622403] 
[0] [211] [0.575041] [0.810736] 
[0] [212] [0.596382] [0.579553] 
[0] [213] [0.602334] [0.864549] 
[0] [214] [0.627211] [0.519617] 
[0] [215] [0.615041] [0.895507] 
[0] [216] [0.653899] [0.510560] 
[0] [217] [0.604453] [0.824045] 
[0] [218] [0.614559] [0.627934] 
[0] [219] [0.624039] [0.730066] 
[0] [220] [0.625739] [0.611627] 
[0] [221] [0.586936] [0.816526] 
[0] [222] [0.578834] [0.702324] 
[0] [223] [0.581156] [0.721188] 
[0] [224] [0.583362] [0.777625] 
[0] [225] [0.590695] [0.771357] 
[0] [226] [0.600497] [0.717686] 
[0] [227] [0.561583] [0.740207] 
[0] [228] [0.591127] [0.771164] 
[0] [229] [0.573410] [0.628383] 
[0] [230] [0.574267] [0.941023] 
[0] [231] [0.546258] [0.620416] 
[0] [232] [0.513610] [0.997100] 
[0] [233] [0.529235] [0.743317] 
[0] [234] [0.525019] [0.894599] 
[0] [235] [0.579062] [0.785328] 
[0] [236] [0.573793] [0.651496] 
[0] [237] [0.590646] [0.903642] 
[0] [238] [0.654959] [0.493201] 
[0] [239] [0.664847] [1.019095] 
[0] [240] [0.744940] [0.364447] 
[0] [241] [0.695676] [1.054810] 
[0] [242] [0.708403] [0.403011] 
[0] [243] [0.639525] [0.882678] 
[0] [244] [0.650586] [0.594696] 
[0] [245] [0.640343] [0.649863] 
[0] [246] [0.598833] [0.757114] 
[0] [247] [0.568669] [0.706629] 
[0] [248] [0.572338] [0.866154] 
[0] [249] [0.562251] [0.705210] 
[0] [250] [0.486347] [1.000603] 
[0] [251] [0.459828] [0.934496] 
[0] [252] [0.423683] [0.948249] 
[0] [253] [0.430698] [1.096885] 
[0] [254] [0.483912] [0.720496] 
[0] [255] [0.522501] [1.207477] 
[0] [256] [0.691137] [0.362634] 
[0] [257] [0.706789] [1.561274] 
[0] [258] [0.811642] [0.279751] 
[0] [259] [0.623346] [0.787415] 
[0] [260] [0.621588] [0.787942] 
[0] [261] [0.648849] [0.543721] 
[0] [262] [0.608282] [0.725911] 
[0] [263] [0.580140] [0.738440] 
[0] [264] [0.569897] [0.681636] 
[0] [265] [0.532078] [0.804519] 
[0] [266] [0.530576] [0.834732] 
[0] [267] [0.537027] [0.694915] 
[0] [268] [0.538198] [0.913370] 
[0] [269] [0.548440] [0.641344] 
[0] [270] [0.537278] [0.890253] 
[0] [271] [0.552848] [0.713078] 
[0] [272] [0.531050] [0.779368] 
[0] [273] [0.521507] [0.824220] 
[0] [274] [0.542991] [0.822094] 
[0] [275] [0.524778] [0.716683] 
[0] [276] [0.523120] [1.000228] 
[0] [277] [0.530435] [0.657946] 
[0] [278] [0.504090] [0.913251] 
[0] [279] [0.520943] [0.833169] 
[0] [280] [0.523431] [0.700228] 
[0] [281] [0.528316] [1.027569] 
[0] [282] [0.557282] [0.604801] 
[0] [283] [0.537689] [0.954797] 
[0] [284] [0.535095] [0.703138] 
[0] [285] [0.512526] [0.909973] 
[0] [286] [0.517170] [0.770378] 
[0] [287] [0.496017] [0.914549] 
[0] [288] [0.495850] [0.756059] 
[0] [289] [0.507732] [1.103215] 
[0] [290] [0.566513] [0.531138] 
[0] [291] [0.633758] [1.440714] 
[0] [292] [0.764426] [0.280729] 
[0] [293] [0.560673] [1.312316] 
[0] [294] [0.510460] [0.760453] 
[0] [295] [0.512950] [0.837553] 
[0] [296] [0.525222] [0.915977] 
[0] [297] [0.578900] [0.687729] 
[0] [298] [0.551753] [0.746359] 
[0] [299] [0.583086] [0.892941] 
[0] [300] [0.609182] [0.556344] 
[0] [301] [0.597076] [1.068449] 
[0] [302] [0.621719] [0.493092] 
[0] [303] [0.580324] [0.997240] 
[0] [304] [0.579888] [0.621356] 
[0] [305] [0.576703] [0.789280] 
[0] [306] [0.597354] [0.750965] 
[0] [307] [0.600558] [0.637512] 
[0] [308] [0.638268] [0.873043] 
[0] [309] [0.647271] [0.493926] 
[0] [310] [0.581556] [0.974871] 
[0] [311] [0.593584] [0.644614] 
[0] [312] [0.579053] [0.909477] 
[0] [313] [0.577688] [0.609334] 
[0] [314] [0.553433] [1.078693] 
[0] [315] [0.572635] [0.532241] 
[0] [316] [0.578804] [1.465934] 
[0] [317] [0.629013] [0.415734] 
[0] [318] [0.505370] [1.323949] 
[0] [319] [0.484823] [0.726129] 
[0] [320] [0.449363] [0.930395] 
[0] [321] [0.462287] [0.999159] 
[0] [322] [0.462956] [0.734654] 
[0] [323] [0.517051] [1.309450] 
[0] [324] [0.598129] [0.464329] 
[0] [325] [0.533737] [1.288558] 
[0] [326] [0.545294] [0.547071] 
[0] [327] [0.526541] [1.216783] 
[0] [328] [0.530354] [0.586276] 
[0] [329] [0.481104] [1.029400] 
[0] [330] [0.510678] [0.751338] 
[0] [331] [0.488491] [0.834831] 
[0] [332] [0.492299] [0.904086] 
[0] [333] [0.509834] [0.769675] 
[0] [334] [0.522535] [0.894704] 
[0] [335] [0.499230] [0.712583] 
[0] [336] [0.481485] [1.061353] 
[0] [337] [0.501265] [0.684674] 
[0] [338] [0.496524] [1.125933] 
[0] [339] [0.546793] [0.564060] 
[0] [340] [0.537835] [1.262486] 
[0] [341] [0.601142] [0.476334] 
[0] [342] [0.542692] [1.437693] 
[0] [343] [0.550069] [0.522790] 
[0] [344] [0.484416] [1.262098] 
[0] [345] [0.489095] [0.691469] 
[0] [346] [0.485220] [1.093635] 
[0] [347] [0.499730] [0.696343] 
[0] [348] [0.516752] [1.250583] 
[0] [349] [0.591292] [0.505766] 
[0] [350] [0.569946] [1.262795] 
[0] [351] [0.575529] [0.510865] 
[0] [352] [0.511285] [1.298587] 
[0] [353] [0.486421] [0.673372] 
[0] [354] [0.479039] [1.143902] 
[0] [355] [0.489240] [0.763561] 
[0] [356] [0.452653] [0.994743] 
[0] [357] [0.467284] [0.892841] 
[0] [358] [0.458479] [0.919356] 
[0] [359] [0.472660] [0.986586] 
[0] [360] [0.444712] [0.844289] 
[0] [361] [0.442919] [1.386143] 
[0] [362] [0.543811] [0.532360] 
[0] [363] [0.544409] [1.791253] 
[0] [364] [0.715646] [0.310927] 
[0] [365] [0.554339] [1.673142] 
[0] [366] [0.542968] [0.579042] 
[0] [367] [0.492128] [1.021613] 
[0] [368] [0.457128] [0.947388] 
[0] [369] [0.453900] [0.909032] 
[0] [370] [0.469774] [1.026349] 
[0] [371] [0.476501] [0.806525] 
[0] [372] [0.469117] [1.099619] 
[0] [373] [0.526840] [0.748076] 
[0] [374] [0.536134] [1.113681] 
[0] [375] [0.590474] [0.534649] 
[0] [376] [0.530355] [1.411717] 
[0] [377] [0.549994] [0.536307] 
[0] [378] [0.466829] [1.475759] 
[0] [379] [0.447000] [0.731368] 
[0] [380] [0.392595] [1.262756] 
[0] [381] [0.417414] [0.955589] 
[0] [382] [0.392524] [0.966214] 
[0] [383] [0.451833] [1.288478] 
[0] [384] [0.559877] [0.534724] 
[0] [385] [0.497820] [1.415161] 
[0] [386] [0.545586] [0.499505] 
[0] [387] [0.467027] [1.592960] 
[0] [388] [0.497198] [0.597623] 
[0] [389] [0.407574] [1.168469] 
[0] [390] [0.412170] [0.967436] 
[0] [391] [0.429846] [0.863969] 
[0] [392] [0.440196] [1.092203] 
[0] [393] [0.456478] [0.730129] 
[0] [394] [0.492998] [1.224740] 
[0] [395] [0.520975] [0.541614] 
[0] [396] [0.489254] [1.520315] 
[0] [397] [0.512497] [0.533237] 
[0] [398] [0.404379] [1.240628] 
[0] [399] [0.399706] [0.961484] 
[0] [400] [0.424795] [0.907915] 
[0] [401] [0.432829] [0.971997] 
[0] [402] [0.473945] [0.873402] 
[0] [403] [0.493508] [0.807317] 
[0] [404] [0.501840] [0.941486] 
[0] [405] [0.552144] [0.603386] 
[0] [406] [0.570905] [1.285370] 
[0] [407] [0.726616] [0.311894] 
[0] [408] [0.623181] [1.591181] 
[0] [409] [0.619825] [0.428892] 
[0] [410] [0.454817] [1.022140] 
[0] [411] [0.445366] [1.055884] 
[0] [412] [0.459638] [0.727414] 
[0] [413] [0.420562] [1.163566] 
[0] [414] [0.448661] [0.878529] 
[0] [415] [0.451798] [0.897197] 
[0] [416] [0.476968] [0.986519] 
[0] [417] [0.485460] [0.685758] 
[0] [418] [0.524303] [1.373049] 
[0] [419] [0.651611] [0.380012] 
[0] [420] [0.642731] [1.620665] 
[0] [421] [0.698028] [0.335279] 
[0] [422] [0.483868] [1.322586] 
[0] [423] [0.491974] [0.860174] 
[0] [424] [0.482705] [0.724299] 
[0] [425] [0.540614] [1.287888] 
[0] [426] [0.611724] [0.462651] 
[0] [427] [0.570462] [1.284659] 
[0] [428] [0.591950] [0.539576] 
[0] [429] [0.468133] [1.090730] 
[0] [430] [0.458658] [0.946395] 
[0] [431] [0.504440] [0.808868] 
[0] [432] [0.473562] [0.980148] 
[0] [433] [0.482940] [0.869777] 
[0] [434] [0.511115] [0.970549] 
[0] [435] [0.522974] [0.731870] 
[0] [436] [0.485869] [1.140433] 
[0] [437] [0.488112] [0.644710] 
[0] [438] [0.470597] [1.579670] 
[0] [439] [0.549787] [0.505796] 
[0] [440] [0.503443] [1.703882] 
[0] [441] [0.556007] [0.491782] 
[0] [442] [0.461500] [1.492231] 
[0] [443] [0.483730] [0.645644] 
[0] [444] [0.434819] [1.381206] 
[0] [445] [0.488041] [0.777426] 
[0] [446] [0.457230] [1.039964] 
[0] [447] [0.503255] [0.967138] 
[0] [448] [0.519549] [0.697914] 
[0] [449] [0.498404] [1.248556] 
[0] [450] [0.577727] [0.532458] 
[0] [451] [0.613676] [1.661647] 
[0] [452] [0.759853] [0.278908] 
[0] [453] [0.492340] [1.730984] 
[0] [454] [0.466902] [0.772882] 
[0] [455] [0.471258] [0.828009] 
[0] [456] [0.406671] [1.150173] 
[0] [457] [0.450186] [0.943792] 
[0] [458] [0.479568] [0.926747] 
[0] [459] [0.486290] [0.902289] 
[0] [460] [0.482096] [0.933948] 
[0] [461] [0.491503] [0.853331] 
[0] [462] [0.493200] [1.054430] 
[0] [463] [0.520017] [0.601532] 
[0] [464] [0.636605] [1.706937] 
[0] [465] [0.850708] [0.233171] 
[0] [466] [0.459461] [1.420869] 
[0] [467] [0.434375] [1.057857] 
[0] [468] [0.454451] [0.689172] 
[0] [469] [0.412716] [1.355180] 
[0] [470] [0.407817] [0.846309] 
[0] [471] [0.451539] [1.136788] 
[0] [472] [0.470440] [0.800087] 
[0] [473] [0.464243] [1.146383] 
[0] [474] [0.459627] [0.856306] 
[0] [475] [0.432840] [0.954897] 
[0] [476] [0.482709] [1.100794] 
[0] [477] [0.563681] [0.558057] 
[0] [478] [0.486813] [1.578085] 
[0] [479] [0.571415] [0.506238] 
[0] [480] [0.527236] [1.531465] 
[0] [481] [0.543274] [0.554584] 
[0] [482] [0.514431] [1.360817] 
[0] [483] [0.485386] [0.643835] 
[0] [484] [0.506126] [1.480157] 
[0] [485] [0.536989] [0.532424] 
[0] [486] [0.539704] [1.523369] 
[0] [487] [0.547311] [0.497519] 
[0] [488] [0.470486] [1.621590] 
[0] [489] [0.461825] [0.704748] 
[0] [490] [0.422587] [1.142879] 
[0] [491] [0.432745] [0.946443] 
[0] [492] [0.427269] [0.964396] 
[0] [493] [0.437546] [1.133332] 
[0] [494] [0.476863] [0.737515] 
[0] [495] [0.515546] [1.420527] 
[0] [496] [0.620116] [0.421163] 
[0] [497] [0.594685] [1.971853] 
[0] [498] [0.578367] [0.457498] 
[0] [499] [0.428499] [1.479243] 
[0] [500] [0.415106] [1.018344] 
[0] [501] [0.446158] [0.891200] 
[0] [502] [0.442016] [1.180976] 
[0] [503] [0.461799] [0.805014] 
[0] [504] [0.471513] [1.197318] 
[0] [505] [0.478874] [0.713356] 
[0] [506] [0.465649] [1.503821] 
[0] [507] [0.532818] [0.583100] 
[0] [508] [0.521413] [1.503388] 
[0] [509] [0.569407] [0.505853] 
[0] [510] [0.539784] [1.803294] 
[0] [511] [0.547174] [0.501517] 
[0] [512] [0.381246] [1.612974] 
[0] [513] [0.382560] [1.135650] 
[0] [514] [0.402881] [0.898162] 
[0] [515] [0.369667] [1.431135] 
[0] [516] [0.413058] [0.894142] 
[0] [517] [0.406660] [1.311254] 
[0] [518] [0.463296] [0.822305] 
[0] [519] [0.411971] [1.183474] 
[0] [520] [0.402839] [1.088182] 
[0] [521] [0.414563] [0.979863] 
[0] [522] [0.380605] [1.321635] 
[0] [523] [0.431377] [0.851741] 
[0] [524] [0.457795] [1.628067] 
[0] [525] [0.692128] [0.339849] 
[0] [526] [0.716851] [2.807428] 
[0] [527] [0.642433] [0.377236] 
[0] [528] [0.342281] [1.467605] 
[0] [529] [0.364997] [1.531462] 
[0] [530] [0.395404] [0.805751] 
[0] [531] [0.381608] [1.494314] 
[0] [532] [0.364452] [1.056774] 
[0] [533] [0.383082] [1.262408] 
[0] [534] [0.387519] [1.054942] 
[0] [535] [0.370681] [1.124666] 
[0] [536] [0.456090] [1.147897] 
[0] [537] [0.483802] [0.669742] 
[0] [538] [0.491862] [1.816103] 
[0] [539] [0.600090] [0.448485] 
[0] [540] [0.451771] [2.037411] 
[0] [541] [0.413127] [0.879887] 
[0] [542] [0.346563] [1.303171] 
[0] [543] [0.403972] [1.315980] 
[0] [544] [0.437638] [0.780973] 
[0] [545] [0.480430] [1.652699] 
[0] [546] [0.550246] [0.587470] 
[0] [547] [0.452818] [1.750538] 
[0] [548] [0.432711] [0.747672] 
[0] [549] [0.365179] [1.468998] 
[0] [550] [0.369816] [1.105920] 
[0] [551] [0.375378] [1.211542] 
[0] [552] [0.397191] [1.227457] 
[0] [553] [0.428877] [0.914384] 
[0] [554] [0.394080] [1.365027] 
[0] [555] [0.444450] [0.857953] 
[0] [556] [0.378675] [1.441601] 
[0] [557] [0.403282] [0.975606] 
[0] [558] [0.394930] [1.353418] 
[0] [559] [0.427627] [0.792203] 
[0] [560] [0.414351] [1.664708] 
[0] [561] [0.497372] [0.643059] 
[0] [562] [0.408430] [1.774412] 
[0] [563] [0.472413] [0.646207] 
[0] [564] [0.443364] [1.941286] 
[0] [565] [0.497246] [0.624595] 
[0] [566] [0.416941] [1.835697] 
[0] [567] [0.433366] [0.773187] 
[0] [568] [0.428341] [1.506409] 
[0] [569] [0.484380] [0.675000] 
[0] [570] [0.434347] [1.722462] 
[0] [571] [0.535694] [0.612769] 
[0] [572] [0.502818] [1.748844] 
[0] [573] [0.581669] [0.492247] 
[0] [574] [0.430685] [1.666756] 
[0] [575] [0.448117] [0.829027] 
[0] [576] [0.386017] [1.028513] 
[0] [577] [0.415279] [1.334771] 
[0] [578] [0.445469] [0.719486] 
[0] [579] [0.438733] [1.702019] 
[0] [580] [0.500170] [0.644139] 
[0] [581] [0.371126] [1.604316] 
[0] [582] [0.424071] [0.883349] 
[0] [583] [0.418098] [0.984390] 
[0] [584] [0.451811] [1.068112] 
[0] [585] [0.450694] [0.754945] 
[0] [586] [0.456201] [1.442754] 
[0] [587] [0.494653] [0.622220] 
[0] [588] [0.411760] [1.513705] 
[0] [589] [0.404747] [0.816760] 
[0] [590] [0.333562] [1.224769] 
[0] [591] [0.357040] [1.216252] 
[0] [592] [0.356465] [0.920655] 
[0] [593] [0.398461] [1.545919] 
[0] [594] [0.455965] [0.684155] 
[0] [595] [0.363466] [1.730307] 
[0] [596] [0.347292] [0.931410] 
[0] [597] [0.314272] [1.121165] 
[0] [598] [0.308722] [1.303428] 
[0] [599] [0.333223] [1.025644] 
[0] [600] [0.304563] [1.233589] 
[0] [601] [0.317856] [1.184688] 
[0] [602] [0.319031] [1.053219] 
[0] [603] [0.323189] [1.299102] 
[0] [604] [0.334142] [0.926666] 
[0] [605] [0.341602] [1.451607] 
[0] [606] [0.355340] [0.836450] 
[0] [607] [0.352024] [1.516715] 
[0] [608] [0.397768] [0.783994] 
[0] [609] [0.344864] [1.372811] 
[0] [610] [0.352974] [0.906931] 
[0] [611] [0.351807] [1.357014] 
[0] [612] [0.372290] [0.912078] 
[0] [613] [0.337344] [1.248636] 
[0] [614] [0.362016] [1.035953] 
[0] [615] [0.408197] [1.296526] 
[0] [616] [0.478694] [0.583721] 
[0] [617] [0.626476] [2.317510] 
[0] [618] [1.045783] [0.151165] 
[0] [619] [0.312156] [1.514961] 
[0] [620] [0.409728] [1.822317] 
[0] [621] [0.543719] [0.464711] 
[0] [622] [0.382900] [1.605262] 
[0] [623] [0.370405] [1.010527] 
[0] [624] [0.405257] [1.051060] 
[0] [625] [0.391778] [1.046765] 
[0] [626] [0.421035] [1.121112] 
[0] [627] [0.510069] [0.687421] 
[0] [628] [0.527904] [1.574207] 
[0] [629] [0.811914] [0.238591] 
[0] [630] [0.756159] [2.549051] 
[0] [631] [0.594256] [0.413587] 
[0] [632] [0.347485] [1.366960] 
[0] [633] [0.367526] [1.459639] 
[0] [634] [0.415701] [0.740356] 
[0] [635] [0.396678] [1.615086] 
[0] [636] [0.416383] [0.851435] 
[0] [637] [0.389466] [1.282642] 
[0] [638] [0.431182] [0.996999] 
[0] [639] [0.428271] [1.122592] 
[0] [640] [0.424913] [0.938461] 
[0] [641] [0.413444] [1.379333] 
[0] [642] [0.464930] [0.707738] 
[0] [643] [0.536841] [1.878711] 
[0] [644] [0.852712] [0.231782] 
[0] [645] [0.809101] [2.691552] 
[0] [646] [0.731171] [0.328309] 
[0] [647] [0.454235] [1.569773] 
[0] [648] [0.433593] [1.107667] 
[0] [649] [0.453905] [0.867084] 
[0] [650] [0.495040] [1.437686] 
[0] [651] [0.553907] [0.577563] 
[0] [652] [0.576921] [1.652058] 
[0] [653] [0.661299] [0.446047] 
[0] [654] [0.515836] [1.757736] 
[0] [655] [0.516468] [0.650479] 
[0] [656] [0.478411] [1.352298] 
[0] [657] [0.459798] [0.850739] 
[0] [658] [0.416106] [1.233386] 
[0] [659] [0.453680] [1.095084] 
[0] [660] [0.472115] [0.870038] 
[0] [661] [0.482533] [1.429897] 
[0] [662] [0.582526] [0.510290] 
[0] [663] [0.610966] [2.168730] 
[0] [664] [0.645331] [0.433747] 
[0] [665] [0.407930] [1.685874] 
[0] [666] [0.424118] [1.208540] 
[0] [667] [0.480324] [0.738054] 
[0] [668] [0.511803] [1.621280] 
[0] [669] [0.559804] [0.541672] 
[0] [670] [0.446226] [1.634068] 
[0] [671] [0.504169] [0.832647] 
[0] [672] [0.526882] [0.858534] 
[0] [673] [0.449038] [1.011590] 
[0] [674] [0.457491] [1.020974] 
[0] [675] [0.507369] [0.953002] 
[0] [676] [0.489119] [0.905810] 
[0] [677] [0.432944] [1.308009] 
[0] [678] [0.458337] [0.814255] 
[0] [679] [0.461688] [1.483713] 
[0] [680] [0.510932] [0.563596] 
[0] [681] [0.558170] [2.286790] 
[0] [682] [0.527763] [0.522636] 
[0] [683] [0.364241] [1.924664] 
[0] [684] [0.348906] [1.119078] 
[0] [685] [0.372970] [0.989717] 
[0] [686] [0.357267] [1.454309] 
[0] [687] [0.396066] [0.892547] 
[0] [688] [0.383258] [1.441365] 
[0] [689] [0.414912] [0.837185] 
[0] [690] [0.447342] [1.660895] 
[0] [691] [0.572103] [0.480931] 
[0] [692] [0.556032] [2.297146] 
[0] [693] [0.575193] [0.450495] 
[0] [694] [0.424642] [1.842821] 
[0] [695] [0.383494] [0.813953] 
[0] [696] [0.353506] [1.568683] 
[0] [697] [0.406978] [0.937285] 
[0] [698] [0.364293] [1.058200] 
[0] [699] [0.382367] [1.454867] 
[0] [700] [0.496751] [0.662030] 
[0] [701] [0.495055] [1.624616] 
[0] [702] [0.556600] [0.519679] 
[0] [703] [0.491360] [1.924499] 
[0] [704] [0.515008] [0.547176] 
[0] [705] [0.370147] [1.766690] 
[0] [706] [0.359151] [1.152663] 
[0] [707] [0.367626] [0.906446] 
[0] [708] [0.383781] [1.857666] 
[0] [709] [0.420343] [0.762769] 
[0] [710] [0.384309] [1.673043] 
[0] [711] [0.384854] [0.844926] 
[0] [712] [0.383950] [1.672792] 
[0] [713] [0.413750] [0.787593] 
[0] [714] [0.380660] [1.648391] 
[0] [715] [0.372377] [0.829791] 
[0] [716] [0.405209] [2.020976] 
[0] [717] [0.451895] [0.689185] 
[0] [718] [0.404223] [1.683883] 
[0] [719] [0.457833] [0.659419] 
[0] [720] [0.441927] [1.937672] 
[0] [721] [0.542662] [0.489623] 
[0] [722] [0.601490] [2.052244] 
[0] [723] [0.694509] [0.337507] 
[0] [724] [0.459001] [1.715345] 
[0] [725] [0.420275] [1.074457] 
[0] [726] [0.407060] [0.871414] 
[0] [727] [0.434322] [1.502968] 
[0] [728] [0.502533] [0.624856] 
[0] [729] [0.448020] [1.516816] 
[0] [730] [0.471778] [0.718877] 
[0] [731] [0.394678] [1.543236] 
[0] [732] [0.385692] [1.068500] 
[0] [733] [0.386080] [1.027232] 
[0] [734] [0.452283] [1.471935] 
[0] [735] [0.546103] [0.536174] 
[0] [736] [0.510472] [2.289800] 
[0] [737] [0.527585] [0.546043] 
[0] [738] [0.384878] [1.757713] 
[0] [739] [0.357759] [1.035951] 
[0] [740] [0.375902] [1.151211] 
[0] [741] [0.372282] [1.277437] 
[0] [742] [0.377670] [0.993935] 
[0] [743] [0.388452] [1.462235] 
[0] [744] [0.418338] [0.788325] 
[0] [745] [0.370373] [2.005054] 
[0] [746] [0.408124] [0.743689] 
[0] [747] [0.429586] [2.001277] 
[0] [748] [0.509862] [0.568052] 
[0] [749] [0.415263] [2.210960] 
[0] [750] [0.420837] [0.707909] 
[0] [751] [0.327053] [1.785110] 
[0] [752] [0.388796] [0.977407] 
[0] [753] [0.410894] [1.232962] 
[0] [754] [0.471497] [0.799675] 
[0] [755] [0.511464] [1.626864] 
[0] [756] [0.750070] [0.301982] 
[0] [757] [0.840715] [2.916996] 
[0] [758] [0.856016] [0.224173] 
[0] [759] [0.462689] [1.857047] 
[0] [760] [0.409802] [1.118512] 
[0] [761] [0.434032] [0.782761] 
[0] [762] [0.504219] [1.736562] 
[0] [763] [0.537575] [0.531692] 
[0] [764] [0.521661] [1.768732] 
[0] [765] [0.497562] [0.619987] 
[0] [766] [0.407764] [1.349872] 
[0] [767] [0.403506] [1.096829] 
[0] [768] [0.445919] [0.900531] 
[0] [769] [0.441546] [1.280451] 
[0] [770] [0.451162] [0.776853] 
[0] [771] [0.479852] [1.575551] 
[0] [772] [0.547744] [0.515551] 
[0] [773] [0.548761] [1.940139] 
[0] [774] [0.539938] [0.577720] 
[0] [775] [0.453103] [1.471712] 
[0] [776] [0.447725] [0.913311] 
[0] [777] [0.434742] [0.970187] 
[0] [778] [0.474867] [1.259025] 
[0] [779] [0.522792] [0.661331] 
[0] [780] [0.474664] [1.576684] 
[0] [781] [0.507006] [0.746049] 
[0] [782] [0.477889] [1.245647] 
[0] [783] [0.474076] [0.812255] 
[0] [784] [0.424543] [1.354138] 
[0] [785] [0.445868] [0.799449] 
[0] [786] [0.445205] [1.495298] 
[0] [787] [0.523254] [0.632247] 
[0] [788] [0.444054] [1.926518] 
[0] [789] [0.499383] [0.620736] 
[0] [790] [0.429929] [1.647738] 
[0] [791] [0.426274] [0.757234] 
[0] [792] [0.429894] [1.596488] 
[0] [793] [0.486309] [0.780990] 
[0] [794] [0.465343] [1.239752] 
[0] [795] [0.461151] [0.864424] 
[0] [796] [0.427560] [1.195029] 
[0] [797] [0.404452] [0.954858] 
[0] [798] [0.379893] [1.265575] 
[0] [799] [0.423404] [1.006783] 
[0] [800] [0.403034] [1.040099] 
[0] [801] [0.404698] [1.324142] 
[0] [802] [0.487659] [0.645976] 
[0] [803] [0.585982] [1.871826] 
[0] [804] [0.741773] [0.314655] 
[0] [805] [0.505932] [1.849687] 
[0] [806] [0.439239] [0.735540] 
[0] [807] [0.403381] [1.200628] 
[0] [808] [0.411900] [0.984494] 
[0] [809] [0.409259] [1.087309] 
[0] [810] [0.438658] [1.019488] 
[0] [811] [0.446531] [1.025638] 
[0] [812] [0.411012] [0.909463] 
[0] [813] [0.425153] [1.412467] 
[0] [814] [0.459429] [0.702470] 
[0] [815] [0.399106] [1.717660] 
[0] [816] [0.418044] [0.752606] 
[0] [817] [0.433145] [1.546041] 
[0] [818] [0.490513] [0.632361] 
[0] [819] [0.467639] [1.699587] 
[0] [820] [0.495794] [0.564226] 
[0] [821] [0.435702] [1.870306] 
[0] [822] [0.421274] [0.725422] 
[0] [823] [0.405418] [1.505465] 
[0] [824] [0.413458] [0.792406] 
[0] [825] [0.374787] [1.471436] 
[0] [826] [0.423189] [0.837613] 
[0] [827] [0.384327] [1.343335] 
[0] [828] [0.405314] [0.932050] 
[0] [829] [0.417492] [1.264523] 
[0] [830] [0.444151] [0.776422] 
[0] [831] [0.397381] [1.650170] 
[0] [832] [0.506497] [0.627695] 
[0] [833] [0.491673] [1.775726] 
[0] [834] [0.564388] [0.470062] 
[0] [835] [0.565405] [2.152432] 
[0] [836] [0.638955] [0.413535] 
[0] [837] [0.444930] [1.834050] 
[0] [838] [0.397720] [0.810466] 
[0] [839] [0.369767] [1.514711] 
[0] [840] [0.406300] [0.849781] 
[0] [841] [0.432524] [1.520039] 
[0] [842] [0.473320] [0.655839] 
[0] [843] [0.634557] [2.166844] 
[0] [844] [0.910844] [0.192765] 
[0] [845] [0.677222] [2.636152] 
[0] [846] [0.514652] [0.545332] 
[0] [847] [0.349186] [1.482542] 
[0] [848] [0.414956] [1.213822] 
[0] [849] [0.459849] [0.685566] 
[0] [850] [0.456920] [1.801774] 
[0] [851] [0.500868] [0.589597] 
[0] [852] [0.469702] [1.714254] 
[0] [853] [0.459211] [0.675326] 
[0] [854] [0.502170] [1.826362] 
[0] [855] [0.536030] [0.506935] 
[0] [856] [0.540872] [2.227890] 
[0] [857] [0.525583] [0.530011] 
[0] [858] [0.423001] [1.652486] 
[0] [859] [0.397490] [0.896400] 
[0] [860] [0.383242] [1.258984] 
[0] [861] [0.356946] [1.101803] 
[0] [862] [0.443255] [1.237455] 
[0] [863] [0.498293] [0.697212] 
[0] [864] [0.540536] [1.748425] 
[0] [865] [0.595014] [0.452292] 
[0] [866] [0.552182] [2.005312] 
[0] [867] [0.506753] [0.629950] 
[0] [868] [0.437056] [1.347364] 
[0] [869] [0.458185] [0.905904] 
[0] [870] [0.392513] [1.051805] 
[0] [871] [0.479649] [1.356546] 
[0] [872] [0.550430] [0.529792] 
[0] [873] [0.524548] [2.023672] 
[0] [874] [0.451354] [0.705660] 
[0] [875] [0.417263] [1.293763] 
[0] [876] [0.390547] [1.079151] 
[0] [877] [0.346430] [1.071837] 
[0] [878] [0.430511] [1.579802] 
[0] [879] [0.489394] [0.625438] 
[0] [880] [0.446125] [2.078499] 
[0] [881] [0.447172] [0.708738] 
[0] [882] [0.346234] [1.665158] 
[0] [883] [0.403733] [1.187369] 
[0] [884] [0.419585] [0.799504] 
[0] [885] [0.424796] [1.995741] 
[0] [886] [0.494903] [0.615884] 
[0] [887] [0.377866] [2.004913] 
[0] [888] [0.398985] [0.898276] 
[0] [889] [0.351485] [1.471184] 
[0] [890] [0.336244] [1.197976] 
[0] [891] [0.358286] [1.381352] 
[0] [892] [0.343793] [1.018034] 
[0] [893] [0.385528] [1.940140] 
[0] [894] [0.523428] [0.552410] 
[0] [895] [0.511314] [2.439324] 
[0] [896] [0.608042] [0.418190] 
[0] [897] [0.478554] [2.473191] 
[0] [898] [0.406916] [0.794070] 
[0] [899] [0.292646] [1.445127] 
[0] [900] [0.347278] [1.590994] 
[0] [901] [0.360316] [0.879232] 
[0] [902] [0.408552] [2.181023] 
[0] [903] [0.470646] [0.643022] 
[0] [904] [0.516760] [2.250223] 
[0] [905] [0.567467] [0.459351] 
[0] [906] [0.331880] [2.400037] 
[0] [907] [0.268747] [1.380930] 
[0] [908] [0.334294] [1.009459] 
[0] [909] [0.340453] [1.766101] 
[0] [910] [0.392753] [0.835053] 
[0] [911] [0.358328] [1.921742] 
[0] [912] [0.358985] [0.825718] 
[0] [913] [0.355250] [2.126700] 
[0] [914] [0.404045] [0.714846] 
[0] [915] [0.421537] [2.141618] 
[0] [916] [0.476329] [0.615513] 
[0] [917] [0.430315] [2.044246] 
[0] [918] [0.448107] [0.676664] 
[0] [919] [0.367288] [1.974461] 
[0] [920] [0.359538] [0.893967] 
[0] [921] [0.353763] [1.798337] 
[0] [922] [0.356570] [0.885182] 
[0] [923] [0.379208] [2.045713] 
[0] [924] [0.431414] [0.681881] 
[0] [925] [0.421242] [2.264842] 
[0] [926] [0.385858] [0.794783] 
[0] [927] [0.330411] [1.823558] 
[0] [928] [0.351217] [0.937952] 
[0] [929] [0.331293] [1.714222] 
[0] [930] [0.397469] [0.862398] 
[0] [931] [0.442202] [1.765012] 
[0] [932] [0.558815] [0.478096] 
[0] [933] [0.756132] [3.083837] 
[0] [934] [0.757856] [0.293819] 
[0] [935] [0.373387] [2.247077] 
[0] [936] [0.281452] [1.417387] 
[0] [937] [0.326606] [0.929647] 
[1] [0] [0.329648] [2.019054] 
[1] [1] [0.332445] [0.973599] 
[1] [2] [0.333162] [1.586519] 
[1] [3] [0.352471] [1.009991] 
[1] [4] [0.337989] [1.406438] 
[1] [5] [0.349496] [0.994607] 
[1] [6] [0.424740] [1.776680] 
[1] [7] [0.625512] [0.398340] 
[1] [8] [0.750113] [3.187017] 
[1] [9] [0.560609] [0.473637] 
[1] [10] [0.381229] [1.972719] 
[1] [11] [0.334907] [1.028488] 
[1] [12] [0.337966] [1.254993] 
[1] [13] [0.342005] [1.319391] 
[1] [14] [0.352480] [1.130382] 
[1] [15] [0.402569] [1.359978] 
[1] [16] [0.428672] [0.798783] 
[1] [17] [0.482098] [1.796012] 
[1] [18] [0.643762] [0.392528] 
[1] [19] [0.660616] [2.632802] 
[1] [20] [0.495671] [0.555934] 
[1] [21] [0.391017] [1.729163] 
[1] [22] [0.318073] [1.130991] 
[1] [23] [0.330326] [1.229416] 
[1] [24] [0.369473] [1.256290] 
[1] [25] [0.374151] [0.967744] 
[1] [26] [0.403356] [1.480548] 
[1] [27] [0.448552] [0.721968] 
[1] [28] [0.392153] [1.921055] 
[1] [29] [0.442678] [0.745605] 
[1] [30] [0.383755] [1.534207] 
[1] [31] [0.392625] [0.798419] 
[1] [32] [0.408871] [1.958043] 
[1] [33] [0.432733] [0.710991] 
[1] [34] [0.327210] [1.994243] 
[1] [35] [0.327308] [1.060953] 
[1] [36] [0.282773] [1.336906] 
[1] [37] [0.303804] [1.544783] 
[1] [38] [0.355623] [0.939797] 
[1] [39] [0.382068] [1.965522] 
[1] [40] [0.525178] [0.527913] 
[1] [41] [0.570464] [2.918053] 
[1] [42] [0.526790] [0.516798] 
[1] [43] [0.360492] [2.454847] 
[1] [44] [0.306981] [1.073023] 
[1] [45] [0.257995] [1.524548] 
[1] [46] [0.329486] [1.493012] 
[1] [47] [0.405860] [0.836760] 
[1] [48] [0.571589] [2.185328] 
[1] [49] [0.862085] [0.227694] 
[1] [50] [0.662971] [3.199099] 
[1] [51] [0.354117] [0.942913] 
[1] [52] [0.332592] [1.322570] 
[1] [53] [0.315193] [1.614170] 
[1] [54] [0.323948] [1.037658] 
[1] [55] [0.351421] [1.692009] 
[1] [56] [0.393914] [0.960887] 
[1] [57] [0.405801] [1.616427] 
[1] [58] [0.465816] [0.679581] 
[1] [59] [0.574823] [2.358493] 
[1] [60] [0.656190] [0.379443] 
[1] [61] [0.714363] [3.142224] 
[1] [62] [0.367258] [0.854800] 
[1] [63] [0.254933] [1.393701] 
[1] [64] [0.273575] [1.951990] 
[1] [65] [0.335056] [1.084685] 
[1] [66] [0.305844] [1.584638] 
[1] [67] [0.365495] [1.182631] 
[1] [68] [0.319110] [1.284139] 
[1] [69] [0.335559] [1.534747] 
[1] [70] [0.370146] [1.057440] 
[1] [71] [0.380711] [1.659712] 
[1] [72] [0.424391] [0.688397] 
[1] [73] [0.702648] [2.944905] 
[1] [74] [0.809947] [0.242264] 
[1] [75] [0.655201] [2.948999] 
[1] [76] [0.368246] [0.956308] 
[1] [77] [0.311594] [1.108460] 
[1] [78] [0.292048] [1.986853] 
[1] [79] [0.286277] [1.251114] 
[1] [80] [0.322182] [1.288435] 
[1] [81] [0.305143] [1.313741] 
[1] [82] [0.321118] [1.458238] 
[1] [83] [0.386539] [1.089630] 
[1] [84] [0.335015] [1.298718] 
[1] [85] [0.320915] [1.338295] 
[1] [86] [0.351049] [1.228349] 
[1] [87] [0.345316] [1.287434] 
[1] [88] [0.333144] [1.337140] 
[1] [89] [0.325061] [1.290420] 
[1] [90] [0.338879] [1.347225] 
[1] [91] [0.288424] [1.203723] 
[1] [92] [0.354459] [2.032866] 
[1] [93] [0.492148] [0.562706] 
[1] [94] [0.564840] [3.414523] 
[1] [95] [0.535320] [0.481836] 
[1] [96] [0.297821] [2.683317] 
[1] [97] [0.229164] [1.650591] 
[1] [98] [0.323187] [0.995781] 
[1] [99] [0.272108] [2.270210] 
[1] [100] [0.299670] [1.182596] 
[1] [101] [0.319589] [1.392980] 
[1] [102] [0.366470] [1.255034] 
[1] [103] [0.343838] [1.014843] 
[1] [104] [0.509052] [2.086885] 
[1] [105] [0.873142] [0.224068] 
[1] [106] [0.762230] [3.601708] 
[1] [107] [0.414529] [1.008459] 
[1] [108] [0.227447] [1.422074] 
[1] [109] [0.238024] [2.312456] 
[1] [110] [0.254522] [1.521696] 
[1] [111] [0.278781] [1.308767] 
[1] [112] [0.246038] [1.622912] 
[1] [113] [0.239974] [1.540245] 
[1] [114] [0.288270] [1.401469] 
[1] [115] [0.304572] [1.371705] 
[1] [116] [0.316097] [1.336466] 
[1] [117] [0.309831] [1.424109] 
[1] [118] [0.334109] [1.162992] 
[1] [119] [0.385551] [1.619838] 
[1] [120] [0.501923] [0.633884] 
[1] [121] [0.599561] [2.736119] 
[1] [122] [0.799082] [0.271425] 
[1] [123] [0.469862] [3.056876] 
[1] [124] [0.269237] [1.219015] 
[1] [125] [0.258324] [1.206825] 
[1] [126] [0.280336] [1.911792] 
[1] [127] [0.301338] [1.319241] 
[1] [128] [0.305289] [1.167596] 
[1] [129] [0.306943] [1.701186] 
[1] [130] [0.346944] [1.062473] 
[1] [131] [0.351184] [1.640900] 
[1] [132] [0.381530] [0.880419] 
[1] [133] [0.338289] [2.088065] 
[1] [134] [0.387019] [0.763214] 
[1] [135] [0.362666] [2.336585] 
[1] [136] [0.351183] [0.916733] 
[1] [137] [0.349207] [1.996065] 
[1] [138] [0.361125] [0.788757] 
[1] [139] [0.367155] [2.530749] 
[1] [140] [0.382567] [0.731879] 
[1] [141] [0.273614] [2.476172] 
[1] [142] [0.268526] [1.360894] 
[1] [143] [0.290449] [1.108647] 
[1] [144] [0.348592] [2.194894] 
[1] [145] [0.472177] [0.607345] 
[1] [146] [0.443389] [2.598606] 
[1] [147] [0.473171] [0.600384] 
[1] [148] [0.446484] [2.210890] 
[1] [149] [0.437040] [0.692668] 
[1] [150] [0.370420] [2.270267] 
[1] [151] [0.391997] [0.860147] 
[1] [152] [0.322519] [1.588436] 
[1] [153] [0.340469] [1.297235] 
[1] [154] [0.355998] [1.096002] 
[1] [155] [0.292693] [1.684341] 
[1] [156] [0.313672] [1.108950] 
[1] [157] [0.293378] [1.668365] 
[1] [158] [0.327201] [1.160500] 
[1] [159] [0.346034] [1.437031] 
[1] [160] [0.413703] [0.919569] 
[1] [161] [0.298053] [1.655638] 
[1] [162] [0.334119] [1.176677] 
[1] [163] [0.261299] [1.611538] 
[1] [164] [0.315546] [1.312712] 
[1] [165] [0.293776] [1.433601] 
[1] [166] [0.295481] [1.481477] 
[1] [167] [0.340719] [1.145180] 
[1] [168] [0.322957] [1.726296] 
[1] [169] [0.439878] [0.758771] 
[1] [170] [0.563189] [3.089019] 
[1] [171] [1.075750] [0.134783] 
[1] [172] [0.979602] [4.633621] 
[1] [173] [0.386952] [0.774114] 
[1] [174] [0.186059] [1.728344] 
[1] [175] [0.249587] [2.396113] 
[1] [176] [0.260493] [1.191785] 
[1] [177] [0.278144] [1.691487] 
[1] [178] [0.290959] [1.380688] 
[1] [179] [0.330254] [1.347190] 
[1] [180] [0.372032] [1.231163] 
[1] [181] [0.392590] [1.248593] 
[1] [182] [0.342531] [1.055523] 
[1] [183] [0.330066] [1.888354] 
[1] [184] [0.459660] [0.744823] 
[1] [185] [0.450570] [2.096293] 
[1] [186] [0.612740] [0.394303] 
[1] [187] [0.672714] [3.518166] 
[1] [188] [0.418353] [0.665327] 
[1] [189] [0.259769] [1.635323] 
[1] [190] [0.289451] [1.638959] 
[1] [191] [0.379263] [0.937426] 
[1] [192] [0.282452] [1.675269] 
[1] [193] [0.352039] [1.153064] 
[1] [194] [0.408225] [1.067231] 
[1] [195] [0.362592] [1.080120] 
[1] [196] [0.456046] [1.456151] 
[1] [197] [0.572219] [0.452402] 
[1] [198] [0.738765] [3.038781] 
[1] [199] [0.756476] [0.303664] 
[1] [200] [0.244004] [2.430974] 
[1] [201] [0.329801] [2.003033] 
[1] [202] [0.538235] [0.480122] 
[1] [203] [0.373573] [2.097379] 
[1] [204] [0.307091] [1.342900] 
[1] [205] [0.357180] [0.856266] 
[1] [206] [0.422453] [1.961447] 
[1] [207] [0.373674] [0.906772] 
[1] [208] [0.397540] [1.663266] 
[1] [209] [0.415229] [1.011671] 
[1] [210] [0.381690] [1.275693] 
[1] [211] [0.359257] [1.262794] 
[1] [212] [0.372831] [1.262482] 
[1] [213] [0.337456] [1.048104] 
[1] [214] [0.326203] [1.907968] 
[1] [215] [0.350688] [0.990684] 
[1] [216] [0.330007] [1.664051] 
[1] [217] [0.343870] [1.124196] 
[1] [218] [0.321352] [1.345564] 
[1] [219] [0.324710] [1.284777] 
[1] [220] [0.403907] [1.449290] 
[1] [221] [0.480855] [0.783034] 
[1] [222] [0.407190] [1.922091] 
[1] [223] [0.480237] [0.711629] 
[1] [224] [0.414351] [2.070116] 
[1] [225] [0.427239] [0.806920] 
[1] [226] [0.411990] [1.827595] 
[1] [227] [0.429524] [0.698949] 
[1] [228] [0.398171] [2.389975] 
[1] [229] [0.413235] [0.679361] 
[1] [230] [0.409449] [2.066652] 
[1] [231] [0.477684] [0.607575] 
[1] [232] [0.502397] [2.336922] 
[1] [233] [0.581619] [0.427659] 
[1] [234] [0.624809] [2.920379] 
[1] [235] [0.530363] [0.458802] 
[1] [236] [0.394649] [2.191574] 
[1] [237] [0.368446] [0.910198] 
[1] [238] [0.324322] [1.408443] 
[1] [239] [0.351698] [1.196981] 
[1] [240] [0.359922] [1.218785] 
[1] [241] [0.395944] [1.343425] 
[1] [242] [0.484727] [0.677672] 
[1] [243] [0.661112] [2.400967] 
[1] [244] [1.059418] [0.141566] 
[1] [245] [0.725658] [3.152097] 
[1] [246] [0.454594] [0.645352] 
[1] [247] [0.272870] [1.321900] 
[1] [248] [0.384579] [1.840035] 
[1] [249] [0.485041] [0.640587] 
[1] [250] [0.338611] [1.769843] 
[1] [251] [0.405069] [1.252953] 
[1] [252] [0.479563] [0.739580] 
[1] [253] [0.496770] [1.750224] 
[1] [254] [0.539933] [0.548959] 
[1] [255] [0.516659] [2.118078] 
[1] [256] [0.492944] [0.671329] 
[1] [257] [0.389232] [1.739071] 
[1] [258] [0.353744] [0.993182] 
[1] [259] [0.301431] [1.404188] 
[1] [260] [0.344303] [1.462090] 
[1] [261] [0.387348] [0.922980] 
[1] [262] [0.378249] [1.688478] 
[1] [263] [0.416459] [0.796367] 
[1] [264] [0.398646] [1.762013] 
[1] [265] [0.415044] [0.801010] 
[1] [266] [0.416418] [1.872944] 
[1] [267] [0.508863] [0.567983] 
[1] [268] [0.429362] [2.170567] 
[1] [269] [0.416475] [0.793821] 
[1] [270] [0.368751] [1.517169] 
[1] [271] [0.389276] [0.922029] 
[1] [272] [0.475954] [1.683281] 
[1] [273] [0.611691] [0.459137] 
[1] [274] [0.542609] [2.667917] 
[1] [275] [0.447065] [0.748697] 
[1] [276] [0.377282] [1.199241] 
[1] [277] [0.385289] [1.407444] 
[1] [278] [0.432742] [0.773127] 
[1] [279] [0.463723] [1.637527] 
[1] [280] [0.435113] [0.721437] 
[1] [281] [0.518983] [1.826177] 
[1] [282] [0.491266] [0.578957] 
[1] [283] [0.502884] [2.066285] 
[1] [284] [0.400580] [0.760007] 
[1] [285] [0.339368] [1.461091] 
[1] [286] [0.370673] [1.296967] 
[1] [287] [0.375695] [0.991614] 
[1] [288] [0.342354] [1.561144] 
[1] [289] [0.388241] [1.055730] 
[1] [290] [0.371192] [1.326265] 
[1] [291] [0.414700] [1.156256] 
[1] [292] [0.325975] [1.250117] 
[1] [293] [0.340530] [1.517011] 
[1] [294] [0.399032] [0.972117] 
[1] [295] [0.304429] [1.550956] 
[1] [296] [0.346753] [1.262533] 
[1] [297] [0.356178] [1.206915] 
[1] [298] [0.306315] [1.471287] 
[1] [299] [0.317353] [1.259789] 
[1] [300] [0.378993] [1.523163] 
[1] [301] [0.480888] [0.613463] 
[1] [302] [0.548883] [3.173511] 
[1] [303] [0.434738] [0.664249] 
[1] [304] [0.379981] [2.114176] 
[1] [305] [0.418001] [0.710291] 
[1] [306] [0.457670] [2.408360] 
[1] [307] [0.580940] [0.431836] 
[1] [308] [0.691066] [2.894578] 
[1] [309] [0.625412] [0.395391] 
[1] [310] [0.508477] [2.385034] 
[1] [311] [0.421292] [0.815611] 
[1] [312] [0.364032] [1.424137] 
[1] [313] [0.396522] [1.138106] 
[1] [314] [0.366999] [1.124764] 
[1] [315] [0.405921] [1.334069] 
[1] [316] [0.456903] [0.774558] 
[1] [317] [0.475640] [1.706604] 
[1] [318] [0.598268] [0.465731] 
[1] [319] [0.644206] [2.351187] 
[1] [320] [0.784512] [0.270051] 
[1] [321] [0.563001] [2.393918] 
[1] [322] [0.423616] [0.675595] 
[1] [323] [0.339141] [1.427428] 
[1] [324] [0.373885] [1.124171] 
[1] [325] [0.401186] [0.965587] 
[1] [326] [0.439040] [1.362389] 
[1] [327] [0.513643] [0.573680] 
[1] [328] [0.607024] [2.200464] 
[1] [329] [0.707213] [0.322976] 
[1] [330] [0.464276] [2.289310] 
[1] [331] [0.363333] [0.993950] 
[1] [332] [0.374127] [0.973439] 
[1] [333] [0.364592] [1.700046] 
[1] [334] [0.404277] [0.852800] 
[1] [335] [0.427393] [1.264158] 
[1] [336] [0.439612] [0.902375] 
[1] [337] [0.469567] [1.265949] 
[1] [338] [0.505952] [0.645064] 
[1] [339] [0.565638] [1.948925] 
[1] [340] [0.713131] [0.317607] 
[1] [341] [0.620073] [2.515578] 
[1] [342] [0.468258] [0.642555] 
[1] [343] [0.351788] [1.370895] 
[1] [344] [0.383323] [1.234410] 
[1] [345] [0.398635] [0.934577] 
[1] [346] [0.369483] [1.347719] 
[1] [347] [0.424752] [1.058795] 
[1] [348] [0.448211] [0.933230] 
[1] [349] [0.408216] [1.251751] 
[1] [350] [0.456703] [0.798587] 
[1] [351] [0.443153] [1.576350] 
[1] [352] [0.519522] [0.555583] 
[1] [353] [0.508210] [2.205983] 
[1] [354] [0.572929] [0.424147] 
[1] [355] [0.498717] [2.310212] 
[1] [356] [0.458570] [0.605120] 
[1] [357] [0.298976] [1.721425] 
[1] [358] [0.340450] [1.414488] 
[1] [359] [0.407056] [0.758976] 
[1] [360] [0.405245] [1.753734] 
[1] [361] [0.403170] [0.837000] 
[1] [362] [0.364755] [1.347947] 
[1] [363] [0.372090] [1.186886] 
[1] [364] [0.370870] [1.044453] 
[1] [365] [0.410094] [1.474309] 
[1] [366] [0.410947] [0.712179] 
[1] [367] [0.541608] [2.195980] 
[1] [368] [0.481514] [0.682097] 
[1] [369] [0.270516] [1.742658] 
[1] [370] [0.268040] [1.780079] 
[1] [371] [0.386060] [0.808688] 
[1] [372] [0.443754] [2.220031] 
[1] [373] [0.523339] [0.517660] 
[1] [374] [0.360677] [2.365733] 
[1] [375] [0.347089] [1.149597] 
[1] [376] [0.406084] [0.854371] 
[1] [377] [0.372365] [1.790208] 
[1] [378] [0.486412] [0.726203] 
[1] [379] [0.511441] [1.832983] 
[1] [380] [0.680177] [0.332609] 
[1] [381] [0.867775] [3.648379] 
[1] [382] [0.495869] [0.518824] 
[1] [383] [0.279202] [1.746471] 
[1] [384] [0.281711] [1.645326] 
[1] [385] [0.344961] [0.962840] 
[1] [386] [0.343583] [1.696772] 
[1] [387] [0.392948] [1.003480] 
[1] [388] [0.306678] [1.377628] 
[1] [389] [0.419146] [1.493693] 
[1] [390] [0.522985] [0.552258] 
[1] [391] [0.699703] [2.654382] 
[1] [392] [0.775816] [0.271214] 
[1] [393] [0.448712] [2.596482] 
[1] [394] [0.316872] [1.217044] 
[1] [395] [0.351070] [0.949551] 
[1] [396] [0.342326] [1.917870] 
[1] [397] [0.416011] [0.908330] 
[1] [398] [0.339992] [1.245538] 
[1] [399] [0.358092] [1.380585] 
[1] [400] [0.362196] [0.962828] 
[1] [401] [0.414004] [1.858814] 
[1] [402] [0.409987] [0.757252] 
[1] [403] [0.412365] [2.108269] 
[1] [404] [0.409880] [0.757033] 
[1] [405] [0.322267] [2.067620] 
[1] [406] [0.357637] [0.938685] 
[1] [407] [0.270085] [1.644470] 
[1] [408] [0.269908] [1.405520] 
[1] [409] [0.334758] [1.385793] 
[1] [410] [0.391895] [0.889900] 
[1] [411] [0.478848] [1.955277] 
[1] [412] [0.671272] [0.340836] 
[1] [413] [0.706148] [3.635993] 
[1] [414] [0.454152] [0.662257] 
[1] [415] [0.272380] [1.477703] 
[1] [416] [0.300732] [1.803220] 
[1] [417] [0.368700] [0.886974] 
[1] [418] [0.349193] [1.799751] 
[1] [419] [0.415061] [0.975734] 
[1] [420] [0.325937] [1.430379] 
[1] [421] [0.375084] [1.285536] 
[1] [422] [0.347327] [1.069356] 
[1] [423] [0.379790] [2.006282] 
[1] [424] [0.491694] [0.573582] 
[1] [425] [0.618841] [3.686885] 
[1] [426] [0.577898] [0.416650] 
[1] [427] [0.377534] [3.285702] 
[1] [428] [0.213369] [1.530323] 
[1] [429] [0.275185] [1.034869] 
[1] [430] [0.354394] [2.468358] 
[1] [431] [0.383621] [0.759778] 
[1] [432] [0.314405] [2.315554] 
[1] [433] [0.323010] [1.054370] 
[1] [434] [0.301445] [1.508640] 
[1] [435] [0.371588] [1.305197] 
[1] [436] [0.429475] [0.948640] 
[1] [437] [0.432311] [1.653391] 
[1] [438] [0.524665] [0.552812] 
[1] [439] [0.653663] [3.184548] 
[1] [440] [0.717080] [0.309973] 
[1] [441] [0.665848] [3.217695] 
[1] [442] [0.494168] [0.573132] 
[1] [443] [0.321789] [2.144891] 
[1] [444] [0.310961] [1.191553] 
[1] [445] [0.321450] [1.078362] 
[1] [446] [0.441772] [1.858408] 
[1] [447] [0.609239] [0.421454] 
[1] [448] [0.737637] [3.198078] 
[1] [449] [0.531117] [0.574020] 
[1] [450] [0.276704] [1.641194] 
[1] [451] [0.313596] [1.540436] 
[1] [452] [0.437724] [0.772240] 
[1] [453] [0.399623] [1.926152] 
[1] [454] [0.448569] [0.746651] 
[1] [455] [0.372102] [1.731300] 
[1] [456] [0.425437] [1.038276] 
[1] [457] [0.373619] [1.075989] 
[1] [458] [0.440866] [1.840166] 
[1] [459] [0.561904] [0.550436] 
[1] [460] [0.527467] [2.196908] 
[1] [461] [0.429700] [0.704022] 
[1] [462] [0.327013] [1.731845] 
[1] [463] [0.338553] [1.293008] 
[1] [464] [0.352576] [1.153420] 
[1] [465] [0.317531] [1.391694] 
[1] [466] [0.322531] [1.306081] 
[1] [467] [0.326575] [1.184021] 
[1] [468] [0.365823] [1.402996] 
[1] [469] [0.384178] [0.990135] 
[1] [470] [0.307445] [1.611998] 
[1] [471] [0.396041] [1.062115] 
[1] [472] [0.380071] [1.244618] 
[1] [473] [0.415836] [1.045926] 
[1] [474] [0.359008] [1.482730] 
[1] [475] [0.352492] [0.981766] 
[1] [476] [0.352333] [2.040640] 
[1] [477] [0.472904] [0.610047] 
[1] [478] [0.538610] [3.124865] 
[1] [479] [0.476002] [0.548021] 
[1] [480] [0.353990] [2.809890] 
[1] [481] [0.283800] [1.076244] 
[1] [482] [0.269049] [1.774418] 
[1] [483] [0.246920] [1.281239] 
[1] [484] [0.247651] [1.814061] 
[1] [485] [0.296750] [1.166497] 
[1] [486] [0.287564] [1.694957] 
[1] [487] [0.342475] [1.076513] 
[1] [488] [0.362878] [1.385611] 
[1] [489] [0.370124] [0.879381] 
[1] [490] [0.308150] [2.337053] 
[1] [491] [0.456858] [0.727844] 
[1] [492] [0.407638] [2.027734] 
[1] [493] [0.525449] [0.487982] 
[1] [494] [0.541054] [2.848922] 
[1] [495] [0.578794] [0.416298] 
[1] [496] [0.276761] [2.484090] 
[1] [497] [0.221511] [1.551285] 
[1] [498] [0.326433] [0.967232] 
[1] [499] [0.334208] [1.822706] 
[1] [500] [0.376052] [0.831997] 
[1] [501] [0.373848] [1.845804] 
[1] [502] [0.368875] [0.807483] 
[1] [503] [0.292097] [1.793401] 
[1] [504] [0.284496] [1.177631] 
[1] [505] [0.326400] [1.242070] 
[1] [506] [0.262919] [1.277295] 
[1] [507] [0.278396] [1.443412] 
[1] [508] [0.347404] [1.292966] 
[1] [509] [0.352318] [0.984993] 
[1] [510] [0.267651] [1.715653] 
[1] [511] [0.306065] [1.219450] 
[1] [512] [0.311876] [1.247474] 
[1] [513] [0.270261] [1.392185] 
[1] [514] [0.325105] [1.468197] 
[1] [515] [0.419912] [0.814415] 
[1] [516] [0.562037] [2.333018] 
[1] [517] [0.932697] [0.195389] 
[1] [518] [0.806343] [3.974296] 
[1] [519] [0.399555] [0.701332] 
[1] [520] [0.238917] [1.398112] 
[1] [521] [0.363782] [1.939816] 
[1] [522] [0.506194] [0.588221] 
[1] [523] [0.558445] [2.471223] 
[1] [524] [0.635583] [0.413075] 
[1] [525] [0.621100] [2.485663] 
[1] [526] [0.640257] [0.381676] 
[1] [527] [0.475904] [2.571982] 
[1] [528] [0.308672] [1.068410] 
[1] [529] [0.324808] [1.141667] 
[1] [530] [0.338461] [1.635991] 
[1] [531] [0.371214] [0.947286] 
[1] [532] [0.338300] [1.449479] 
[1] [533] [0.399877] [1.018081] 
[1] [534] [0.424895] [1.165871] 
[1] [535] [0.507232] [0.873920] 
[1] [536] [0.469836] [1.231900] 
[1] [537] [0.524112] [0.717698] 
[1] [538] [0.500506] [1.599485] 
[1] [539] [0.600786] [0.523493] 
[1] [540] [0.601402] [2.259966] 
[1] [541] [0.721642] [0.320734] 
[1] [542] [0.564850] [2.737595] 
[1] [543] [0.435082] [0.707134] 
[1] [544] [0.351279] [1.353676] 
[1] [545] [0.416876] [1.237627] 
[1] [546] [0.398313] [0.964888] 
[1] [547] [0.451082] [1.380488] 
[1] [548] [0.488989] [0.764784] 
[1] [549] [0.462207] [1.396579] 
[1] [550] [0.447531] [0.794723] 
[1] [551] [0.512400] [1.464375] 
[1] [552] [0.574515] [0.552010] 
[1] [553] [0.688633] [1.900889] 
[1] [554] [0.813398] [0.264233] 
[1] [555] [0.664247] [2.552744] 
[1] [556] [0.543067] [0.629558] 
[1] [557] [0.384232] [1.057932] 
[1] [558] [0.480699] [1.806151] 
[1] [559] [0.540374] [0.554506] 
[1] [560] [0.401952] [1.545689] 
[1] [561] [0.361836] [1.053842] 
[1] [562] [0.438725] [1.289805] 
[1] [563] [0.509781] [0.638854] 
[1] [564] [0.495672] [2.031304] 
[1] [565] [0.604024] [0.450410] 
[1] [566] [0.601832] [2.328857] 
[1] [567] [0.639821] [0.388394] 
[1] [568] [0.503198] [2.296671] 
[1] [569] [0.438546] [0.717183] 
[1] [570] [0.347621] [1.448484] 
[1] [571] [0.339711] [1.293464] 
[1] [572] [0.389152] [0.991662] 
[1] [573] [0.395544] [1.410687] 
[1] [574] [0.445814] [0.828378] 
[1] [575] [0.469736] [1.567625] 
[1] [576] [0.533459] [0.623860] 
[1] [577] [0.460903] [1.704119] 
[1] [578] [0.497266] [0.651690] 
[1] [579] [0.433507] [1.781501] 
[1] [580] [0.460245] [0.676026] 
[1] [581] [0.389769] [1.758089] 
[1] [582] [0.375990] [0.947467] 
[1] [583] [0.351882] [1.367351] 
[1] [584] [0.326018] [1.147048] 
[1] [585] [0.344330] [1.457081] 
[1] [586] [0.376449] [0.864989] 
[1] [587] [0.520777] [1.934785] 
[1] [588] [0.687984] [0.334287] 
[1] [589] [0.684534] [3.092575] 
[1] [590] [0.371632] [0.855367] 
[1] [591] [0.321414] [1.012764] 
[1] [592] [0.366864] [1.983902] 
[1] [593] [0.413560] [0.981736] 
[1] [594] [0.392148] [0.972728] 
[1] [595] [0.387673] [1.517056] 
[1] [596] [0.388050] [0.954756] 
[1] [597] [0.365369] [1.275687] 
[1] [598] [0.383174] [1.139477] 
[1] [599] [0.333033] [1.161975] 
[1] [600] [0.479865] [1.463580] 
[1] [601] [0.596302] [0.446318] 
[1] [602] [0.582778] [2.673182] 
[1] [603] [0.466796] [0.785654] 
[1] [604] [0.404293] [0.941625] 
[1] [605] [0.322336] [1.806061] 
[1] [606] [0.343255] [1.174963] 
[1] [607] [0.414361] [1.040684] 
[1] [608] [0.351930] [1.265605] 
[1] [609] [0.432887] [1.186692] 
[1] [610] [0.496385] [0.765319] 
[1] [611] [0.413738] [1.487569] 
[1] [612] [0.460292] [0.735297] 
[1] [613] [0.484649] [1.836725] 
[1] [614] [0.658005] [0.427258] 
[1] [615] [0.703586] [2.562134] 
[1] [616] [0.786014] [0.264726] 
[1] [617] [0.672961] [2.334484] 
[1] [618] [0.491382] [0.584692] 
[1] [619] [0.365578] [1.566940] 
[1] [620] [0.350297] [1.228676] 
[1] [621] [0.386161] [1.058557] 
[1] [622] [0.374431] [1.157210] 
[1] [623] [0.423412] [1.194742] 
[1] [624] [0.384799] [1.043000] 
[1] [625] [0.397484] [1.187022] 
[1] [626] [0.465452] [1.109124] 
[1] [627] [0.445234] [0.905628] 
[1] [628] [0.475766] [1.404143] 
[1] [629] [0.523574] [0.561394] 
[1] [630] [0.562820] [2.367731] 
[1] [631] [0.549460] [0.571214] 
[1] [632] [0.415392] [1.775360] 
[1] [633] [0.433222] [1.046990] 
[1] [634] [0.462253] [0.954007] 
[1] [635] [0.447143] [1.134451] 
[1] [636] [0.482959] [1.068921] 
[1] [637] [0.455756] [0.941437] 
[1] [638] [0.391139] [1.278244] 
[1] [639] [0.467994] [1.185762] 
[1] [640] [0.446602] [0.834209] 
[1] [641] [0.498020] [1.559460] 
[1] [642] [0.556164] [0.551025] 
[1] [643] [0.485713] [2.178680] 
[1] [644] [0.609125] [0.627645] 
[1] [645] [0.479998] [1.785281] 
[1] [646] [0.519417] [0.655345] 
[1] [647] [0.441526] [1.628541] 
[1] [648] [0.430788] [0.842469] 
[1] [649] [0.434775] [1.450874] 
[1] [650] [0.520736] [0.701580] 
[1] [651] [0.385030] [1.643600] 
[1] [652] [0.408078] [0.996332] 
[1] [653] [0.461369] [1.211979] 
[1] [654] [0.462287] [0.853134] 
[1] [655] [0.427345] [1.593546] 
[1] [656] [0.441216] [0.860343] 
[1] [657] [0.303912] [1.353880] 
[1] [658] [0.316760] [1.515029] 
[1] [659] [0.355320] [1.004108] 
[1] [660] [0.317594] [1.531562] 
[1] [661] [0.333900] [1.169225] 
[1] [662] [0.334685] [1.334486] 
[1] [663] [0.326190] [1.351538] 
[1] [664] [0.302833] [1.167451] 
[1] [665] [0.377057] [1.534095] 
[1] [666] [0.375634] [0.851099] 
[1] [667] [0.472072] [2.019510] 
[1] [668] [0.603630] [0.392773] 
[1] [669] [0.519620] [3.213491] 
[1] [670] [0.316471] [1.149943] 
[1] [671] [0.400355] [0.755223] 
[1] [672] [0.425342] [2.311160] 
[1] [673] [0.446189] [0.690572] 
[1] [674] [0.395278] [1.640733] 
[1] [675] [0.455026] [0.876401] 
[1] [676] [0.389439] [1.186791] 
[1] [677] [0.427023] [1.040547] 
[1] [678] [0.414430] [1.011871] 
[1] [679] [0.455099] [1.291011] 
[1] [680] [0.577123] [0.601913] 
[1] [681] [0.683256] [1.944639] 
[1] [682] [0.926953] [0.215799] 
[1] [683] [0.809425] [2.765494] 
[1] [684] [0.498039] [0.573453] 
[1] [685] [0.345754] [1.388810] 
[1] [686] [0.344151] [1.480888] 
[1] [687] [0.355932] [0.898988] 
[1] [688] [0.383639] [1.588443] 
[1] [689] [0.403322] [0.963297] 
[1] [690] [0.380646] [1.154955] 
[1] [691] [0.431346] [1.289479] 
[1] [692] [0.448325] [0.781880] 
[1] [693] [0.509545] [1.796456] 
[1] [694] [0.615292] [0.450241] 
[1] [695] [0.629278] [2.463471] 
[1] [696] [0.621328] [0.416475] 
[1] [697] [0.513916] [2.218021] 
[1] [698] [0.467351] [0.757752] 
[1] [699] [0.479007] [1.069023] 
[1] [700] [0.386497] [1.098309] 
[1] [701] [0.457485] [1.245463] 
[1] [702] [0.468064] [0.847600] 
[1] [703] [0.457483] [1.214284] 
[1] [704] [0.504661] [0.974315] 
[1] [705] [0.389330] [1.016055] 
[1] [706] [0.385551] [1.700677] 
[1] [707] [0.458345] [0.697096] 
[1] [708] [0.505775] [2.399970] 
[1] [709] [0.483640] [0.569246] 
[1] [710] [0.464724] [2.520242] 
[1] [711] [0.329679] [0.974333] 
[1] [712] [0.338064] [1.193747] 
[1] [713] [0.351221] [1.718293] 
[1] [714] [0.409897] [0.822188] 
[1] [715] [0.490394] [1.803298] 
[1] [716] [0.637311] [0.392707] 
[1] [717] [0.584427] [2.913250] 
[1] [718] [0.347560] [0.927250] 
[1] [719] [0.369063] [1.086829] 
[1] [720] [0.363989] [1.658720] 
[1] [721] [0.392149] [0.896427] 
[1] [722] [0.390584] [1.546985] 
[1] [723] [0.403821] [0.978752] 
[1] [724] [0.388041] [1.183536] 
[1] [725] [0.395114] [1.262308] 
[1] [726] [0.447318] [0.967518] 
[1] [727] [0.432084] [1.138692] 
[1] [728] [0.417382] [0.970175] 
[1] [729] [0.387506] [1.515675] 
[1] [730] [0.467258] [0.925513] 
[1] [731] [0.342131] [1.144607] 
[1] [732] [0.409699] [1.779873] 
[1] [733] [0.507717] [0.558598] 
[1] [734] [0.582958] [2.692480] 
[1] [735] [0.495452] [0.585266] 
[1] [736] [0.291427] [1.822254] 
[1] [737] [0.258998] [1.594005] 
[1] [738] [0.272200] [1.231340] 
[1] [739] [0.296536] [1.652370] 
[1] [740] [0.330835] [1.040675] 
[1] [741] [0.337992] [1.734750] 
[1] [742] [0.414462] [0.836058] 
[1] [743] [0.409987] [1.912073] 
[1] [744] [0.538984] [0.493507] 
[1] [745] [0.683886] [3.258174] 
[1] [746] [0.571084] [0.451570] 
[1] [747] [0.444487] [2.333083] 
[1] [748] [0.342721] [0.974384] 
[1] [749] [0.295460] [1.414034] 
[1] [750] [0.321740] [1.370030] 
[1] [751] [0.451629] [0.999810] 
[1] [752] [0.382179] [1.112353] 
[1] [753] [0.435310] [1.387139] 
[1] [754] [0.511917] [0.748216] 
[1] [755] [0.455378] [1.722491] 
[1] [756] [0.597286] [0.570843] 
[1] [757] [0.438138] [1.986101] 
[1] [758] [0.443422] [0.719030] 
[1] [759] [0.447610] [2.071955] 
[1] [760] [0.476747] [0.682981] 
[1] [761] [0.489851] [1.835375] 
[1] [762] [0.461470] [0.683185] 
[1] [763] [0.319466] [1.981656] 
[1] [764] [0.345826] [1.127518] 
[1] [765] [0.376269] [1.212905] 
[1] [766] [0.426985] [1.317137] 
[1] [767] [0.396005] [0.935775] 
[1] [768] [0.319636] [1.703663] 
[1] [769] [0.350975] [1.126805] 
[1] [770] [0.360027] [1.233570] 
[1] [771] [0.308611] [1.391324] 
[1] [772] [0.428796] [1.317944] 
[1] [773] [0.474341] [0.689212] 
[1] [774] [0.611622] [2.900736] 
[1] [775] [0.537806] [0.495728] 
[1] [776] [0.388994] [2.571237] 
[1] [777] [0.301416] [1.301111] 
[1] [778] [0.335324] [0.939767] 
[1] [779] [0.413161] [2.298133] 
[1] [780] [0.494695] [0.650353] 
[1] [781] [0.459023] [2.157107] 
[1] [782] [0.470070] [0.635851] 
[1] [783] [0.444527] [2.319632] 
[1] [784] [0.447617] [0.766861] 
[1] [785] [0.370441] [1.710098] 
[1] [786] [0.396261] [1.032310] 
[1] [787] [0.386890] [1.252870] 
[1] [788] [0.354937] [1.209006] 
[1] [789] [0.386802] [1.370632] 
[1] [790] [0.401318] [0.907087] 
[1] [791] [0.434011] [1.940677] 
[1] [792] [0.575611] [0.498009] 
[1] [793] [0.829080] [3.064023] 
[1] [794] [0.904707] [0.203772] 
[1] [795] [0.654554] [3.191336] 
[1] [796] [0.362476] [0.994403] 
[1] [797] [0.391947] [1.121269] 
[1] [798] [0.346193] [1.478217] 
[1] [799] [0.391144] [0.999489] 
[1] [800] [0.538511] [1.459317] 
[1] [801] [0.654936] [0.425664] 
[1] [802] [0.763001] [2.800026] 
[1] [803] [0.632180] [0.419136] 
[1] [804] [0.507208] [1.898950] 
[1] [805] [0.455090] [0.715291] 
[1] [806] [0.401476] [1.570517] 
[1] [807] [0.361061] [1.062307] 
[1] [808] [0.375849] [1.258387] 
[1] [809] [0.410978] [1.142749] 
[1] [810] [0.331294] [1.103559] 
[1] [811] [0.396210] [1.796897] 
[1] [812] [0.402326] [0.759406] 
[1] [813] [0.461444] [2.422774] 
[1] [814] [0.437793] [0.677832] 
[1] [815] [0.447106] [2.295022] 
[1] [816] [0.391280] [0.765143] 
[1] [817] [0.346455] [2.207994] 
[1] [818] [0.293286] [1.292477] 
[1] [819] [0.309290] [1.337343] 
[1] [820] [0.279441] [1.547573] 
[1] [821] [0.268608] [1.492246] 
[1] [822] [0.271602] [1.397504] 
[1] [823] [0.388939] [1.778912] 
[1] [824] [0.421206] [0.697743] 
[1] [825] [0.438317] [3.044801] 
[1] [826] [0.386942] [1.109454] 
[1] [827] [0.296469] [1.096459] 
[1] [828] [0.371206] [2.470769] 
[1] [829] [0.331298] [0.975937] 
[1] [830] [0.296141] [1.772058] 
[1] [831] [0.356318] [1.388667] 
[1] [832] [0.324743] [1.271702] 
[1] [833] [0.305511] [1.637302] 
[1] [834] [0.338799] [1.332395] 
[1] [835] [0.340541] [1.388486] 
[1] [836] [0.354097] [1.409963] 
[1] [837] [0.352711] [1.250842] 
[1] [838] [0.349373] [1.449453] 
[1] [839] [0.322726] [1.255410] 
[1] [840] [0.239065] [1.636847] 
[1] [841] [0.275165] [1.494090] 
[1] [842] [0.400151] [1.202944] 
[1] [843] [0.396743] [1.024586] 
[1] [844] [0.444828] [2.124315] 
[1] [845] [0.755038] [0.300263] 
[1] [846] [1.219677] [4.442603] 
[1] [847] [0.574191] [0.478660] 
[1] [848] [0.273554] [1.971820] 
[1] [849] [0.291191] [1.549089] 
[1] [850] [0.322196] [1.112402] 
[1] [851] [0.277155] [1.715056] 
[1] [852] [0.328929] [1.243538] 
[1] [853] [0.351744] [1.284959] 
[1] [854] [0.324420] [1.354899] 
[1] [855] [0.298870] [1.159796] 
[1] [856] [0.326632] [1.862670] 
[1] [857] [0.407444] [0.809386] 
[1] [858] [0.407399] [2.265305] 
[1] [859] [0.452596] [0.599643] 
[1] [860] [0.397711] [3.013267] 
[1] [861] [0.269841] [1.099131] 
[1] [862] [0.261961] [1.453367] 
[1] [863] [0.283957] [1.580377] 
[1] [864] [0.302159] [1.085505] 
[1] [865] [0.364535] [2.047514] 
[1] [866] [0.399458] [0.700234] 
[1] [867] [0.528576] [2.787447] 
[1] [868] [0.602333] [0.399783] 
[1] [869] [0.490444] [3.266767] 
[1] [870] [0.264100] [1.101893] 
[1] [871] [0.236440] [1.449175] 
[1] [872] [0.270990] [1.893477] 
[1] [873] [0.320227] [1.120807] 
[1] [874] [0.276496] [1.476476] 
[1] [875] [0.309055] [1.487894] 
[1] [876] [0.370694] [1.264427] 
[1] [877] [0.422484] [1.163014] 
[1] [878] [0.361702] [0.990405] 
[1] [879] [0.352442] [2.148471] 
[1] [880] [0.478486] [0.615882] 
[1] [881] [0.623825] [2.872853] 
[1] [882] [0.790768] [0.251336] 
[1] [883] [0.828247] [3.948662] 
[1] [884] [0.452407] [0.930395] 
[1] [885] [0.341214] [1.042969] 
[1] [886] [0.308214] [2.051280] 
[1] [887] [0.371319] [0.982296] 
[1] [888] [0.402113] [1.779153] 
[1] [889] [0.489089] [0.722002] 
[1] [890] [0.407487] [2.224744] 
[1] [891] [0.464589] [0.710885] 
[1] [892] [0.387014] [2.268675] 
[1] [893] [0.422176] [0.839705] 
[1] [894] [0.423099] [1.833114] 
[1] [895] [0.496022] [0.713822] 
[1] [896] [0.542749] [2.279457] 
[1] [897] [0.725992] [0.330429] 
[1] [898] [0.825467] [3.892551] 
[1] [899] [0.510010] [0.961841] 
[1] [900] [0.344497] [1.290897] 
[1] [901] [0.345564] [1.726411] 
[1] [902] [0.358081] [0.998442] 
[1] [903] [0.318134] [1.659471] 
[1] [904] [0.369267] [1.322451] 
[1] [905] [0.417713] [0.931064] 
[1] [906] [0.450713] [2.029732] 
[1] [907] [0.535150] [0.626787] 
[1] [908] [0.337830] [2.615416] 
[1] [909] [0.339421] [1.572028] 
[1] [910] [0.476297] [0.667708] 
[1] [911] [0.551070] [2.834862] 
[1] [912] [0.525642] [0.545272] 
[1] [913] [0.403230] [2.551785] 
[1] [914] [0.349522] [1.141661] 
[1] [915] [0.288089] [1.302074] 
[1] [916] [0.286357] [1.706662] 
[1] [917] [0.305700] [1.192079] 
[1] [918] [0.278346] [1.617444] 
[1] [919] [0.354699] [1.434550] 
[1] [920] [0.362824] [1.137264] 
[1] [921] [0.383049] [1.516593] 
[1] [922] [0.385428] [0.827837] 
[1] [923] [0.458537] [2.686999] 
[1] [924] [0.516017] [0.615970] 
[1] [925] [0.470163] [2.891919] 
[1] [926] [0.398695] [0.756394] 
[1] [927] [0.321055] [2.160349] 
[1] [928] [0.295237] [1.178082] 
[1] [929] [0.306217] [1.510835] 
[1] [930] [0.287834] [1.211890] 
[1] [931] [0.375379] [1.976882] 
[1] [932] [0.486862] [0.605209] 
[1] [933] [0.744039] [3.587398] 
[1] [934] [0.777062] [0.257696] 
[1] [935] [0.483491] [3.569050] 
[1] [936] [0.240903] [1.825099] 
[1] [937] [0.398720] [0.670613] 
